(kicad_pcb (version 20171130) (host pcbnew "(5.1.6)-1")

  (general
    (thickness 1.6)
    (drawings 16)
    (tracks 122)
    (zones 0)
    (modules 16)
    (nets 19)
  )

  (page A4)
  (layers
    (0 F.Cu signal)
    (31 B.Cu signal)
    (32 B.Adhes user)
    (33 F.Adhes user)
    (34 B.Paste user)
    (35 F.Paste user)
    (36 B.SilkS user)
    (37 F.SilkS user)
    (38 B.Mask user)
    (39 F.Mask user)
    (40 Dwgs.User user)
    (41 Cmts.User user hide)
    (42 Eco1.User user)
    (43 Eco2.User user)
    (44 Edge.Cuts user)
    (45 Margin user)
    (46 B.CrtYd user)
    (47 F.CrtYd user)
    (48 B.Fab user hide)
    (49 F.Fab user hide)
  )

  (setup
    (last_trace_width 0.25)
    (user_trace_width 0.4)
    (trace_clearance 0.2)
    (zone_clearance 0.508)
    (zone_45_only no)
    (trace_min 0.2)
    (via_size 0.8)
    (via_drill 0.4)
    (via_min_size 0.4)
    (via_min_drill 0.3)
    (uvia_size 0.3)
    (uvia_drill 0.1)
    (uvias_allowed no)
    (uvia_min_size 0.2)
    (uvia_min_drill 0.1)
    (edge_width 0.05)
    (segment_width 0.2)
    (pcb_text_width 0.3)
    (pcb_text_size 1.5 1.5)
    (mod_edge_width 0.12)
    (mod_text_size 1 1)
    (mod_text_width 0.15)
    (pad_size 1.524 1.524)
    (pad_drill 0.762)
    (pad_to_mask_clearance 0.05)
    (aux_axis_origin 0 0)
    (visible_elements 7FFFFFFF)
    (pcbplotparams
      (layerselection 0x010fc_ffffffff)
      (usegerberextensions false)
      (usegerberattributes true)
      (usegerberadvancedattributes true)
      (creategerberjobfile true)
      (excludeedgelayer true)
      (linewidth 0.100000)
      (plotframeref false)
      (viasonmask false)
      (mode 1)
      (useauxorigin false)
      (hpglpennumber 1)
      (hpglpenspeed 20)
      (hpglpendiameter 15.000000)
      (psnegative false)
      (psa4output false)
      (plotreference true)
      (plotvalue true)
      (plotinvisibletext false)
      (padsonsilk false)
      (subtractmaskfromsilk false)
      (outputformat 1)
      (mirror false)
      (drillshape 1)
      (scaleselection 1)
      (outputdirectory ""))
  )

  (net 0 "")
  (net 1 /VIN)
  (net 2 GND)
  (net 3 /VDD)
  (net 4 "Net-(IC1-Pad4)")
  (net 5 /SCL_5V)
  (net 6 /SDA_5V)
  (net 7 /SDA_3V)
  (net 8 /SCL_3V)
  (net 9 "Net-(U1-Pad9)")
  (net 10 "Net-(U1-Pad6)")
  (net 11 "Net-(U1-Pad3)")
  (net 12 "Net-(U1-Pad2)")
  (net 13 "Net-(X1-Pad1)")
  (net 14 "Net-(Y1-Pad2)")
  (net 15 "Net-(Y1-Pad4)")
  (net 16 "Net-(IC2-Pad1)")
  (net 17 /3VCLK)
  (net 18 /5VCLK)

  (net_class Default "This is the default net class."
    (clearance 0.2)
    (trace_width 0.25)
    (via_dia 0.8)
    (via_drill 0.4)
    (uvia_dia 0.3)
    (uvia_drill 0.1)
    (add_net /3VCLK)
    (add_net /5VCLK)
    (add_net /SCL_3V)
    (add_net /SCL_5V)
    (add_net /SDA_3V)
    (add_net /SDA_5V)
    (add_net /VDD)
    (add_net /VIN)
    (add_net GND)
    (add_net "Net-(IC1-Pad4)")
    (add_net "Net-(IC2-Pad1)")
    (add_net "Net-(U1-Pad2)")
    (add_net "Net-(U1-Pad3)")
    (add_net "Net-(U1-Pad6)")
    (add_net "Net-(U1-Pad9)")
    (add_net "Net-(X1-Pad1)")
    (add_net "Net-(Y1-Pad2)")
    (add_net "Net-(Y1-Pad4)")
  )

  (module Oscillator:Oscillator_DIP-14 (layer F.Cu) (tedit 6123DBD3) (tstamp 6123FA4A)
    (at 142.959001 101.494001)
    (descr "Oscillator, DIP14, http://cdn-reichelt.de/documents/datenblatt/B400/OSZI.pdf")
    (tags oscillator)
    (path /612AD7F4)
    (fp_text reference X1 (at 7.62 -11.26) (layer F.SilkS) hide
      (effects (font (size 1 1) (thickness 0.15)))
    )
    (fp_text value CXO_DIP14 (at 7.62 3.74) (layer F.Fab)
      (effects (font (size 1 1) (thickness 0.15)))
    )
    (fp_line (start -1.73 1.54) (end 16.62 1.54) (layer F.Fab) (width 0.1))
    (fp_line (start -1.73 1.54) (end -1.73 -8.81) (layer F.Fab) (width 0.1))
    (fp_line (start -1.38 -9.16) (end 16.62 -9.16) (layer F.Fab) (width 0.1))
    (fp_line (start 16.97 1.19) (end 16.97 -8.81) (layer F.Fab) (width 0.1))
    (fp_text user %R (at 7.662999 -11.197001) (layer F.Fab)
      (effects (font (size 1 1) (thickness 0.15)))
    )
    (fp_arc (start 16.62 1.19) (end 16.97 1.19) (angle 90) (layer F.Fab) (width 0.1))
    (fp_arc (start 16.62 -8.81) (end 16.62 -9.16) (angle 90) (layer F.Fab) (width 0.1))
    (fp_arc (start -1.38 -8.81) (end -1.73 -8.81) (angle 90) (layer F.Fab) (width 0.1))
    (pad 1 thru_hole rect (at 0 0) (size 1.6 1.6) (drill 0.8) (layers *.Cu *.Mask)
      (net 13 "Net-(X1-Pad1)"))
    (pad 14 thru_hole circle (at 0 -7.62) (size 1.6 1.6) (drill 0.8) (layers *.Cu *.Mask)
      (net 1 /VIN))
    (pad 8 thru_hole circle (at 15.24 -7.62) (size 1.6 1.6) (drill 0.8) (layers *.Cu *.Mask)
      (net 18 /5VCLK))
    (pad 7 thru_hole circle (at 15.24 0) (size 1.6 1.6) (drill 0.8) (layers *.Cu *.Mask)
      (net 2 GND))
  )

  (module Capacitor_SMD:C_0603_1608Metric_Pad1.05x0.95mm_HandSolder (layer B.Cu) (tedit 5B301BBE) (tstamp 6123F93B)
    (at 142.875 97.677 270)
    (descr "Capacitor SMD 0603 (1608 Metric), square (rectangular) end terminal, IPC_7351 nominal with elongated pad for handsoldering. (Body size source: http://www.tortai-tech.com/upload/download/2011102023233369053.pdf), generated with kicad-footprint-generator")
    (tags "capacitor handsolder")
    (path /6123DB9A)
    (attr smd)
    (fp_text reference C1 (at 0 1.143 90) (layer B.SilkS)
      (effects (font (size 0.5 0.5) (thickness 0.125)) (justify mirror))
    )
    (fp_text value 1uF (at 0 -1.43 90) (layer B.Fab)
      (effects (font (size 1 1) (thickness 0.15)) (justify mirror))
    )
    (fp_line (start 1.65 -0.73) (end -1.65 -0.73) (layer B.CrtYd) (width 0.05))
    (fp_line (start 1.65 0.73) (end 1.65 -0.73) (layer B.CrtYd) (width 0.05))
    (fp_line (start -1.65 0.73) (end 1.65 0.73) (layer B.CrtYd) (width 0.05))
    (fp_line (start -1.65 -0.73) (end -1.65 0.73) (layer B.CrtYd) (width 0.05))
    (fp_line (start -0.171267 -0.51) (end 0.171267 -0.51) (layer B.SilkS) (width 0.12))
    (fp_line (start -0.171267 0.51) (end 0.171267 0.51) (layer B.SilkS) (width 0.12))
    (fp_line (start 0.8 -0.4) (end -0.8 -0.4) (layer B.Fab) (width 0.1))
    (fp_line (start 0.8 0.4) (end 0.8 -0.4) (layer B.Fab) (width 0.1))
    (fp_line (start -0.8 0.4) (end 0.8 0.4) (layer B.Fab) (width 0.1))
    (fp_line (start -0.8 -0.4) (end -0.8 0.4) (layer B.Fab) (width 0.1))
    (fp_text user %R (at 0 0 90) (layer B.Fab)
      (effects (font (size 0.4 0.4) (thickness 0.06)) (justify mirror))
    )
    (pad 1 smd roundrect (at -0.875 0 270) (size 1.05 0.95) (layers B.Cu B.Paste B.Mask) (roundrect_rratio 0.25)
      (net 1 /VIN))
    (pad 2 smd roundrect (at 0.875 0 270) (size 1.05 0.95) (layers B.Cu B.Paste B.Mask) (roundrect_rratio 0.25)
      (net 2 GND))
    (model ${KISYS3DMOD}/Capacitor_SMD.3dshapes/C_0603_1608Metric.wrl
      (at (xyz 0 0 0))
      (scale (xyz 1 1 1))
      (rotate (xyz 0 0 0))
    )
  )

  (module Capacitor_SMD:C_0603_1608Metric_Pad1.05x0.95mm_HandSolder (layer B.Cu) (tedit 5B301BBE) (tstamp 6123F94C)
    (at 153.656 93.091)
    (descr "Capacitor SMD 0603 (1608 Metric), square (rectangular) end terminal, IPC_7351 nominal with elongated pad for handsoldering. (Body size source: http://www.tortai-tech.com/upload/download/2011102023233369053.pdf), generated with kicad-footprint-generator")
    (tags "capacitor handsolder")
    (path /6123F54C)
    (attr smd)
    (fp_text reference C2 (at 0 1.143 180) (layer B.SilkS)
      (effects (font (size 0.5 0.5) (thickness 0.125)) (justify mirror))
    )
    (fp_text value 0.1uF (at 0 -1.43 180) (layer B.Fab)
      (effects (font (size 1 1) (thickness 0.15)) (justify mirror))
    )
    (fp_line (start -0.8 -0.4) (end -0.8 0.4) (layer B.Fab) (width 0.1))
    (fp_line (start -0.8 0.4) (end 0.8 0.4) (layer B.Fab) (width 0.1))
    (fp_line (start 0.8 0.4) (end 0.8 -0.4) (layer B.Fab) (width 0.1))
    (fp_line (start 0.8 -0.4) (end -0.8 -0.4) (layer B.Fab) (width 0.1))
    (fp_line (start -0.171267 0.51) (end 0.171267 0.51) (layer B.SilkS) (width 0.12))
    (fp_line (start -0.171267 -0.51) (end 0.171267 -0.51) (layer B.SilkS) (width 0.12))
    (fp_line (start -1.65 -0.73) (end -1.65 0.73) (layer B.CrtYd) (width 0.05))
    (fp_line (start -1.65 0.73) (end 1.65 0.73) (layer B.CrtYd) (width 0.05))
    (fp_line (start 1.65 0.73) (end 1.65 -0.73) (layer B.CrtYd) (width 0.05))
    (fp_line (start 1.65 -0.73) (end -1.65 -0.73) (layer B.CrtYd) (width 0.05))
    (fp_text user %R (at 0 0 180) (layer B.Fab)
      (effects (font (size 0.4 0.4) (thickness 0.06)) (justify mirror))
    )
    (pad 2 smd roundrect (at 0.875 0) (size 1.05 0.95) (layers B.Cu B.Paste B.Mask) (roundrect_rratio 0.25)
      (net 2 GND))
    (pad 1 smd roundrect (at -0.875 0) (size 1.05 0.95) (layers B.Cu B.Paste B.Mask) (roundrect_rratio 0.25)
      (net 3 /VDD))
    (model ${KISYS3DMOD}/Capacitor_SMD.3dshapes/C_0603_1608Metric.wrl
      (at (xyz 0 0 0))
      (scale (xyz 1 1 1))
      (rotate (xyz 0 0 0))
    )
  )

  (module Capacitor_SMD:C_0603_1608Metric_Pad1.05x0.95mm_HandSolder (layer B.Cu) (tedit 5B301BBE) (tstamp 6123F95D)
    (at 152.908 97.395 270)
    (descr "Capacitor SMD 0603 (1608 Metric), square (rectangular) end terminal, IPC_7351 nominal with elongated pad for handsoldering. (Body size source: http://www.tortai-tech.com/upload/download/2011102023233369053.pdf), generated with kicad-footprint-generator")
    (tags "capacitor handsolder")
    (path /61281933)
    (attr smd)
    (fp_text reference C3 (at -2.018 0 180) (layer B.SilkS)
      (effects (font (size 0.5 0.5) (thickness 0.125)) (justify mirror))
    )
    (fp_text value 0.47uF (at 0 -1.43 90) (layer B.Fab)
      (effects (font (size 1 1) (thickness 0.15)) (justify mirror))
    )
    (fp_line (start -0.8 -0.4) (end -0.8 0.4) (layer B.Fab) (width 0.1))
    (fp_line (start -0.8 0.4) (end 0.8 0.4) (layer B.Fab) (width 0.1))
    (fp_line (start 0.8 0.4) (end 0.8 -0.4) (layer B.Fab) (width 0.1))
    (fp_line (start 0.8 -0.4) (end -0.8 -0.4) (layer B.Fab) (width 0.1))
    (fp_line (start -0.171267 0.51) (end 0.171267 0.51) (layer B.SilkS) (width 0.12))
    (fp_line (start -0.171267 -0.51) (end 0.171267 -0.51) (layer B.SilkS) (width 0.12))
    (fp_line (start -1.65 -0.73) (end -1.65 0.73) (layer B.CrtYd) (width 0.05))
    (fp_line (start -1.65 0.73) (end 1.65 0.73) (layer B.CrtYd) (width 0.05))
    (fp_line (start 1.65 0.73) (end 1.65 -0.73) (layer B.CrtYd) (width 0.05))
    (fp_line (start 1.65 -0.73) (end -1.65 -0.73) (layer B.CrtYd) (width 0.05))
    (fp_text user %R (at 0 0 90) (layer B.Fab)
      (effects (font (size 0.4 0.4) (thickness 0.06)) (justify mirror))
    )
    (pad 2 smd roundrect (at 0.875 0 270) (size 1.05 0.95) (layers B.Cu B.Paste B.Mask) (roundrect_rratio 0.25)
      (net 3 /VDD))
    (pad 1 smd roundrect (at -0.875 0 270) (size 1.05 0.95) (layers B.Cu B.Paste B.Mask) (roundrect_rratio 0.25)
      (net 2 GND))
    (model ${KISYS3DMOD}/Capacitor_SMD.3dshapes/C_0603_1608Metric.wrl
      (at (xyz 0 0 0))
      (scale (xyz 1 1 1))
      (rotate (xyz 0 0 0))
    )
  )

  (module Capacitor_SMD:C_0603_1608Metric_Pad1.05x0.95mm_HandSolder (layer B.Cu) (tedit 5B301BBE) (tstamp 6123F96E)
    (at 154.559 97.395 270)
    (descr "Capacitor SMD 0603 (1608 Metric), square (rectangular) end terminal, IPC_7351 nominal with elongated pad for handsoldering. (Body size source: http://www.tortai-tech.com/upload/download/2011102023233369053.pdf), generated with kicad-footprint-generator")
    (tags "capacitor handsolder")
    (path /61280CE0)
    (attr smd)
    (fp_text reference C4 (at -1.973001 0.032001 180) (layer B.SilkS)
      (effects (font (size 0.5 0.5) (thickness 0.125)) (justify mirror))
    )
    (fp_text value 0.47uF (at 0 -1.43 90) (layer B.Fab)
      (effects (font (size 1 1) (thickness 0.15)) (justify mirror))
    )
    (fp_line (start 1.65 -0.73) (end -1.65 -0.73) (layer B.CrtYd) (width 0.05))
    (fp_line (start 1.65 0.73) (end 1.65 -0.73) (layer B.CrtYd) (width 0.05))
    (fp_line (start -1.65 0.73) (end 1.65 0.73) (layer B.CrtYd) (width 0.05))
    (fp_line (start -1.65 -0.73) (end -1.65 0.73) (layer B.CrtYd) (width 0.05))
    (fp_line (start -0.171267 -0.51) (end 0.171267 -0.51) (layer B.SilkS) (width 0.12))
    (fp_line (start -0.171267 0.51) (end 0.171267 0.51) (layer B.SilkS) (width 0.12))
    (fp_line (start 0.8 -0.4) (end -0.8 -0.4) (layer B.Fab) (width 0.1))
    (fp_line (start 0.8 0.4) (end 0.8 -0.4) (layer B.Fab) (width 0.1))
    (fp_line (start -0.8 0.4) (end 0.8 0.4) (layer B.Fab) (width 0.1))
    (fp_line (start -0.8 -0.4) (end -0.8 0.4) (layer B.Fab) (width 0.1))
    (fp_text user %R (at 0 0 90) (layer B.Fab)
      (effects (font (size 0.4 0.4) (thickness 0.06)) (justify mirror))
    )
    (pad 1 smd roundrect (at -0.875 0 270) (size 1.05 0.95) (layers B.Cu B.Paste B.Mask) (roundrect_rratio 0.25)
      (net 2 GND))
    (pad 2 smd roundrect (at 0.875 0 270) (size 1.05 0.95) (layers B.Cu B.Paste B.Mask) (roundrect_rratio 0.25)
      (net 3 /VDD))
    (model ${KISYS3DMOD}/Capacitor_SMD.3dshapes/C_0603_1608Metric.wrl
      (at (xyz 0 0 0))
      (scale (xyz 1 1 1))
      (rotate (xyz 0 0 0))
    )
  )

  (module SOT95P275X110-5N (layer F.Cu) (tedit 0) (tstamp 6123F986)
    (at 149.205 93.919)
    (descr "TSOP-5 Case 483 Issue M")
    (tags "Integrated Circuit")
    (path /6123B230)
    (attr smd)
    (fp_text reference IC1 (at 1.544 0.061 180) (layer F.SilkS)
      (effects (font (size 0.5 0.5) (thickness 0.125)))
    )
    (fp_text value IC1 (at 0 0 180) (layer F.SilkS) hide
      (effects (font (size 1.27 1.27) (thickness 0.254)))
    )
    (fp_line (start -1.875 -1.5) (end -0.625 -1.5) (layer F.SilkS) (width 0.2))
    (fp_line (start -0.275 1.5) (end -0.275 -1.5) (layer F.SilkS) (width 0.2))
    (fp_line (start 0.275 1.5) (end -0.275 1.5) (layer F.SilkS) (width 0.2))
    (fp_line (start 0.275 -1.5) (end 0.275 1.5) (layer F.SilkS) (width 0.2))
    (fp_line (start -0.275 -1.5) (end 0.275 -1.5) (layer F.SilkS) (width 0.2))
    (fp_line (start -0.75 -0.55) (end 0.2 -1.5) (layer F.Fab) (width 0.1))
    (fp_line (start -0.75 1.5) (end -0.75 -1.5) (layer F.Fab) (width 0.1))
    (fp_line (start 0.75 1.5) (end -0.75 1.5) (layer F.Fab) (width 0.1))
    (fp_line (start 0.75 -1.5) (end 0.75 1.5) (layer F.Fab) (width 0.1))
    (fp_line (start -0.75 -1.5) (end 0.75 -1.5) (layer F.Fab) (width 0.1))
    (fp_line (start -2.125 1.825) (end -2.125 -1.825) (layer F.CrtYd) (width 0.05))
    (fp_line (start 2.125 1.825) (end -2.125 1.825) (layer F.CrtYd) (width 0.05))
    (fp_line (start 2.125 -1.825) (end 2.125 1.825) (layer F.CrtYd) (width 0.05))
    (fp_line (start -2.125 -1.825) (end 2.125 -1.825) (layer F.CrtYd) (width 0.05))
    (fp_text user %R (at 0 0 180) (layer F.Fab)
      (effects (font (size 1.27 1.27) (thickness 0.254)))
    )
    (pad 1 smd rect (at -1.25 -0.95 90) (size 0.6 1.25) (layers F.Cu F.Paste F.Mask)
      (net 1 /VIN))
    (pad 2 smd rect (at -1.25 0 90) (size 0.6 1.25) (layers F.Cu F.Paste F.Mask)
      (net 2 GND))
    (pad 3 smd rect (at -1.25 0.95 90) (size 0.6 1.25) (layers F.Cu F.Paste F.Mask)
      (net 1 /VIN))
    (pad 4 smd rect (at 1.25 0.95 90) (size 0.6 1.25) (layers F.Cu F.Paste F.Mask)
      (net 4 "Net-(IC1-Pad4)"))
    (pad 5 smd rect (at 1.25 -0.95 90) (size 0.6 1.25) (layers F.Cu F.Paste F.Mask)
      (net 3 /VDD))
    (model "C:\\Users\\wiretap\\Downloads\\Kicad Library Downloads\\SamacSys_Parts.3dshapes\\NCP164CSN330T1G.stp"
      (at (xyz 0 0 0))
      (scale (xyz 1 1 1))
      (rotate (xyz 0 0 0))
    )
  )

  (module Connector_PinHeader_2.54mm:PinHeader_1x04_P2.54mm_Vertical (layer F.Cu) (tedit 59FED5CC) (tstamp 6123F99E)
    (at 145.288 93.853)
    (descr "Through hole straight pin header, 1x04, 2.54mm pitch, single row")
    (tags "Through hole pin header THT 1x04 2.54mm single row")
    (path /612A6FF0)
    (fp_text reference "I2C Header" (at -3.556 3.937 90) (layer F.SilkS)
      (effects (font (size 0.5 0.5) (thickness 0.125)))
    )
    (fp_text value I2C (at 0 9.95) (layer F.Fab)
      (effects (font (size 1 1) (thickness 0.15)))
    )
    (fp_line (start 1.8 -1.8) (end -1.8 -1.8) (layer F.CrtYd) (width 0.05))
    (fp_line (start 1.8 9.4) (end 1.8 -1.8) (layer F.CrtYd) (width 0.05))
    (fp_line (start -1.8 9.4) (end 1.8 9.4) (layer F.CrtYd) (width 0.05))
    (fp_line (start -1.8 -1.8) (end -1.8 9.4) (layer F.CrtYd) (width 0.05))
    (fp_line (start -1.33 -1.33) (end 0 -1.33) (layer F.SilkS) (width 0.12))
    (fp_line (start -1.33 0) (end -1.33 -1.33) (layer F.SilkS) (width 0.12))
    (fp_line (start -1.33 1.27) (end 1.33 1.27) (layer F.SilkS) (width 0.12))
    (fp_line (start 1.33 1.27) (end 1.33 8.95) (layer F.SilkS) (width 0.12))
    (fp_line (start -1.33 1.27) (end -1.33 8.95) (layer F.SilkS) (width 0.12))
    (fp_line (start -1.33 8.95) (end 1.33 8.95) (layer F.SilkS) (width 0.12))
    (fp_line (start -1.27 -0.635) (end -0.635 -1.27) (layer F.Fab) (width 0.1))
    (fp_line (start -1.27 8.89) (end -1.27 -0.635) (layer F.Fab) (width 0.1))
    (fp_line (start 1.27 8.89) (end -1.27 8.89) (layer F.Fab) (width 0.1))
    (fp_line (start 1.27 -1.27) (end 1.27 8.89) (layer F.Fab) (width 0.1))
    (fp_line (start -0.635 -1.27) (end 1.27 -1.27) (layer F.Fab) (width 0.1))
    (fp_text user %R (at 0 3.81 90) (layer F.Fab)
      (effects (font (size 1 1) (thickness 0.15)))
    )
    (pad 1 thru_hole rect (at 0 0) (size 1.7 1.7) (drill 1) (layers *.Cu *.Mask)
      (net 1 /VIN))
    (pad 2 thru_hole oval (at 0 2.54) (size 1.7 1.7) (drill 1) (layers *.Cu *.Mask)
      (net 2 GND))
    (pad 3 thru_hole oval (at 0 5.08) (size 1.7 1.7) (drill 1) (layers *.Cu *.Mask)
      (net 5 /SCL_5V))
    (pad 4 thru_hole oval (at 0 7.62) (size 1.7 1.7) (drill 1) (layers *.Cu *.Mask)
      (net 6 /SDA_5V))
    (model ${KISYS3DMOD}/Connector_PinHeader_2.54mm.3dshapes/PinHeader_1x04_P2.54mm_Vertical.wrl
      (at (xyz 0 0 0))
      (scale (xyz 1 1 1))
      (rotate (xyz 0 0 0))
    )
  )

  (module Package_TO_SOT_SMD:SOT-23 (layer F.Cu) (tedit 5A02FF57) (tstamp 6123F9B3)
    (at 148.783 101.108 270)
    (descr "SOT-23, Standard")
    (tags SOT-23)
    (path /6124398B)
    (attr smd)
    (fp_text reference Q1 (at 0.016 -0.061 180) (layer F.SilkS)
      (effects (font (size 0.5 0.5) (thickness 0.125)))
    )
    (fp_text value BSS138-G (at 0 2.5 90) (layer F.Fab)
      (effects (font (size 1 1) (thickness 0.15)))
    )
    (fp_line (start 0.76 1.58) (end -0.7 1.58) (layer F.SilkS) (width 0.12))
    (fp_line (start 0.76 -1.58) (end -1.4 -1.58) (layer F.SilkS) (width 0.12))
    (fp_line (start -1.7 1.75) (end -1.7 -1.75) (layer F.CrtYd) (width 0.05))
    (fp_line (start 1.7 1.75) (end -1.7 1.75) (layer F.CrtYd) (width 0.05))
    (fp_line (start 1.7 -1.75) (end 1.7 1.75) (layer F.CrtYd) (width 0.05))
    (fp_line (start -1.7 -1.75) (end 1.7 -1.75) (layer F.CrtYd) (width 0.05))
    (fp_line (start 0.76 -1.58) (end 0.76 -0.65) (layer F.SilkS) (width 0.12))
    (fp_line (start 0.76 1.58) (end 0.76 0.65) (layer F.SilkS) (width 0.12))
    (fp_line (start -0.7 1.52) (end 0.7 1.52) (layer F.Fab) (width 0.1))
    (fp_line (start 0.7 -1.52) (end 0.7 1.52) (layer F.Fab) (width 0.1))
    (fp_line (start -0.7 -0.95) (end -0.15 -1.52) (layer F.Fab) (width 0.1))
    (fp_line (start -0.15 -1.52) (end 0.7 -1.52) (layer F.Fab) (width 0.1))
    (fp_line (start -0.7 -0.95) (end -0.7 1.5) (layer F.Fab) (width 0.1))
    (fp_text user %R (at 0 0) (layer F.Fab)
      (effects (font (size 0.5 0.5) (thickness 0.075)))
    )
    (pad 1 smd rect (at -1 -0.95 270) (size 0.9 0.8) (layers F.Cu F.Paste F.Mask)
      (net 3 /VDD))
    (pad 2 smd rect (at -1 0.95 270) (size 0.9 0.8) (layers F.Cu F.Paste F.Mask)
      (net 7 /SDA_3V))
    (pad 3 smd rect (at 1 0 270) (size 0.9 0.8) (layers F.Cu F.Paste F.Mask)
      (net 6 /SDA_5V))
    (model ${KISYS3DMOD}/Package_TO_SOT_SMD.3dshapes/SOT-23.wrl
      (at (xyz 0 0 0))
      (scale (xyz 1 1 1))
      (rotate (xyz 0 0 0))
    )
  )

  (module Package_TO_SOT_SMD:SOT-23 (layer F.Cu) (tedit 5A02FF57) (tstamp 6123F9C8)
    (at 148.844 97.536 90)
    (descr "SOT-23, Standard")
    (tags SOT-23)
    (path /61249888)
    (attr smd)
    (fp_text reference Q2 (at 0.016 -0.066 180) (layer F.SilkS)
      (effects (font (size 0.5 0.5) (thickness 0.125)))
    )
    (fp_text value BSS138-G (at 0 2.5 90) (layer F.Fab)
      (effects (font (size 1 1) (thickness 0.15)))
    )
    (fp_line (start -0.7 -0.95) (end -0.7 1.5) (layer F.Fab) (width 0.1))
    (fp_line (start -0.15 -1.52) (end 0.7 -1.52) (layer F.Fab) (width 0.1))
    (fp_line (start -0.7 -0.95) (end -0.15 -1.52) (layer F.Fab) (width 0.1))
    (fp_line (start 0.7 -1.52) (end 0.7 1.52) (layer F.Fab) (width 0.1))
    (fp_line (start -0.7 1.52) (end 0.7 1.52) (layer F.Fab) (width 0.1))
    (fp_line (start 0.76 1.58) (end 0.76 0.65) (layer F.SilkS) (width 0.12))
    (fp_line (start 0.76 -1.58) (end 0.76 -0.65) (layer F.SilkS) (width 0.12))
    (fp_line (start -1.7 -1.75) (end 1.7 -1.75) (layer F.CrtYd) (width 0.05))
    (fp_line (start 1.7 -1.75) (end 1.7 1.75) (layer F.CrtYd) (width 0.05))
    (fp_line (start 1.7 1.75) (end -1.7 1.75) (layer F.CrtYd) (width 0.05))
    (fp_line (start -1.7 1.75) (end -1.7 -1.75) (layer F.CrtYd) (width 0.05))
    (fp_line (start 0.76 -1.58) (end -1.4 -1.58) (layer F.SilkS) (width 0.12))
    (fp_line (start 0.76 1.58) (end -0.7 1.58) (layer F.SilkS) (width 0.12))
    (fp_text user %R (at 0 0) (layer F.Fab)
      (effects (font (size 0.5 0.5) (thickness 0.075)))
    )
    (pad 3 smd rect (at 1 0 90) (size 0.9 0.8) (layers F.Cu F.Paste F.Mask)
      (net 5 /SCL_5V))
    (pad 2 smd rect (at -1 0.95 90) (size 0.9 0.8) (layers F.Cu F.Paste F.Mask)
      (net 8 /SCL_3V))
    (pad 1 smd rect (at -1 -0.95 90) (size 0.9 0.8) (layers F.Cu F.Paste F.Mask)
      (net 3 /VDD))
    (model ${KISYS3DMOD}/Package_TO_SOT_SMD.3dshapes/SOT-23.wrl
      (at (xyz 0 0 0))
      (scale (xyz 1 1 1))
      (rotate (xyz 0 0 0))
    )
  )

  (module Resistor_SMD:R_0603_1608Metric_Pad1.05x0.95mm_HandSolder (layer F.Cu) (tedit 5B301BBD) (tstamp 6123F9D9)
    (at 151.384 101.078 270)
    (descr "Resistor SMD 0603 (1608 Metric), square (rectangular) end terminal, IPC_7351 nominal with elongated pad for handsoldering. (Body size source: http://www.tortai-tech.com/upload/download/2011102023233369053.pdf), generated with kicad-footprint-generator")
    (tags "resistor handsolder")
    (path /6124F07B)
    (attr smd)
    (fp_text reference R1 (at 0.014 -1.143 180) (layer F.SilkS)
      (effects (font (size 0.5 0.5) (thickness 0.125)))
    )
    (fp_text value 10k (at 0 1.43 90) (layer F.Fab)
      (effects (font (size 1 1) (thickness 0.15)))
    )
    (fp_line (start 1.65 0.73) (end -1.65 0.73) (layer F.CrtYd) (width 0.05))
    (fp_line (start 1.65 -0.73) (end 1.65 0.73) (layer F.CrtYd) (width 0.05))
    (fp_line (start -1.65 -0.73) (end 1.65 -0.73) (layer F.CrtYd) (width 0.05))
    (fp_line (start -1.65 0.73) (end -1.65 -0.73) (layer F.CrtYd) (width 0.05))
    (fp_line (start -0.171267 0.51) (end 0.171267 0.51) (layer F.SilkS) (width 0.12))
    (fp_line (start -0.171267 -0.51) (end 0.171267 -0.51) (layer F.SilkS) (width 0.12))
    (fp_line (start 0.8 0.4) (end -0.8 0.4) (layer F.Fab) (width 0.1))
    (fp_line (start 0.8 -0.4) (end 0.8 0.4) (layer F.Fab) (width 0.1))
    (fp_line (start -0.8 -0.4) (end 0.8 -0.4) (layer F.Fab) (width 0.1))
    (fp_line (start -0.8 0.4) (end -0.8 -0.4) (layer F.Fab) (width 0.1))
    (fp_text user %R (at 0 0 90) (layer F.Fab)
      (effects (font (size 0.4 0.4) (thickness 0.06)))
    )
    (pad 1 smd roundrect (at -0.875 0 270) (size 1.05 0.95) (layers F.Cu F.Paste F.Mask) (roundrect_rratio 0.25)
      (net 3 /VDD))
    (pad 2 smd roundrect (at 0.875 0 270) (size 1.05 0.95) (layers F.Cu F.Paste F.Mask) (roundrect_rratio 0.25)
      (net 7 /SDA_3V))
    (model ${KISYS3DMOD}/Resistor_SMD.3dshapes/R_0603_1608Metric.wrl
      (at (xyz 0 0 0))
      (scale (xyz 1 1 1))
      (rotate (xyz 0 0 0))
    )
  )

  (module Resistor_SMD:R_0603_1608Metric_Pad1.05x0.95mm_HandSolder (layer F.Cu) (tedit 5B301BBD) (tstamp 6123F9EA)
    (at 151.384 97.522 270)
    (descr "Resistor SMD 0603 (1608 Metric), square (rectangular) end terminal, IPC_7351 nominal with elongated pad for handsoldering. (Body size source: http://www.tortai-tech.com/upload/download/2011102023233369053.pdf), generated with kicad-footprint-generator")
    (tags "resistor handsolder")
    (path /6124F8D5)
    (attr smd)
    (fp_text reference R2 (at 0.014 -1.143 180) (layer F.SilkS)
      (effects (font (size 0.5 0.5) (thickness 0.125)))
    )
    (fp_text value 10k (at 0 1.43 90) (layer F.Fab)
      (effects (font (size 1 1) (thickness 0.15)))
    )
    (fp_line (start -0.8 0.4) (end -0.8 -0.4) (layer F.Fab) (width 0.1))
    (fp_line (start -0.8 -0.4) (end 0.8 -0.4) (layer F.Fab) (width 0.1))
    (fp_line (start 0.8 -0.4) (end 0.8 0.4) (layer F.Fab) (width 0.1))
    (fp_line (start 0.8 0.4) (end -0.8 0.4) (layer F.Fab) (width 0.1))
    (fp_line (start -0.171267 -0.51) (end 0.171267 -0.51) (layer F.SilkS) (width 0.12))
    (fp_line (start -0.171267 0.51) (end 0.171267 0.51) (layer F.SilkS) (width 0.12))
    (fp_line (start -1.65 0.73) (end -1.65 -0.73) (layer F.CrtYd) (width 0.05))
    (fp_line (start -1.65 -0.73) (end 1.65 -0.73) (layer F.CrtYd) (width 0.05))
    (fp_line (start 1.65 -0.73) (end 1.65 0.73) (layer F.CrtYd) (width 0.05))
    (fp_line (start 1.65 0.73) (end -1.65 0.73) (layer F.CrtYd) (width 0.05))
    (fp_text user %R (at 0 0 90) (layer F.Fab)
      (effects (font (size 0.4 0.4) (thickness 0.06)))
    )
    (pad 2 smd roundrect (at 0.875 0 270) (size 1.05 0.95) (layers F.Cu F.Paste F.Mask) (roundrect_rratio 0.25)
      (net 8 /SCL_3V))
    (pad 1 smd roundrect (at -0.875 0 270) (size 1.05 0.95) (layers F.Cu F.Paste F.Mask) (roundrect_rratio 0.25)
      (net 3 /VDD))
    (model ${KISYS3DMOD}/Resistor_SMD.3dshapes/R_0603_1608Metric.wrl
      (at (xyz 0 0 0))
      (scale (xyz 1 1 1))
      (rotate (xyz 0 0 0))
    )
  )

  (module Resistor_SMD:R_0603_1608Metric_Pad1.05x0.95mm_HandSolder (layer F.Cu) (tedit 5B301BBD) (tstamp 6123F9FB)
    (at 153.938 101.981 180)
    (descr "Resistor SMD 0603 (1608 Metric), square (rectangular) end terminal, IPC_7351 nominal with elongated pad for handsoldering. (Body size source: http://www.tortai-tech.com/upload/download/2011102023233369053.pdf), generated with kicad-footprint-generator")
    (tags "resistor handsolder")
    (path /61253A40)
    (attr smd)
    (fp_text reference R3 (at -2.145 0) (layer F.SilkS)
      (effects (font (size 0.5 0.5) (thickness 0.125)))
    )
    (fp_text value 10k (at 0 1.43) (layer F.Fab)
      (effects (font (size 1 1) (thickness 0.15)))
    )
    (fp_line (start 1.65 0.73) (end -1.65 0.73) (layer F.CrtYd) (width 0.05))
    (fp_line (start 1.65 -0.73) (end 1.65 0.73) (layer F.CrtYd) (width 0.05))
    (fp_line (start -1.65 -0.73) (end 1.65 -0.73) (layer F.CrtYd) (width 0.05))
    (fp_line (start -1.65 0.73) (end -1.65 -0.73) (layer F.CrtYd) (width 0.05))
    (fp_line (start -0.171267 0.51) (end 0.171267 0.51) (layer F.SilkS) (width 0.12))
    (fp_line (start -0.171267 -0.51) (end 0.171267 -0.51) (layer F.SilkS) (width 0.12))
    (fp_line (start 0.8 0.4) (end -0.8 0.4) (layer F.Fab) (width 0.1))
    (fp_line (start 0.8 -0.4) (end 0.8 0.4) (layer F.Fab) (width 0.1))
    (fp_line (start -0.8 -0.4) (end 0.8 -0.4) (layer F.Fab) (width 0.1))
    (fp_line (start -0.8 0.4) (end -0.8 -0.4) (layer F.Fab) (width 0.1))
    (fp_text user %R (at 0 0) (layer F.Fab)
      (effects (font (size 0.4 0.4) (thickness 0.06)))
    )
    (pad 1 smd roundrect (at -0.875 0 180) (size 1.05 0.95) (layers F.Cu F.Paste F.Mask) (roundrect_rratio 0.25)
      (net 1 /VIN))
    (pad 2 smd roundrect (at 0.875 0 180) (size 1.05 0.95) (layers F.Cu F.Paste F.Mask) (roundrect_rratio 0.25)
      (net 6 /SDA_5V))
    (model ${KISYS3DMOD}/Resistor_SMD.3dshapes/R_0603_1608Metric.wrl
      (at (xyz 0 0 0))
      (scale (xyz 1 1 1))
      (rotate (xyz 0 0 0))
    )
  )

  (module Resistor_SMD:R_0603_1608Metric_Pad1.05x0.95mm_HandSolder (layer F.Cu) (tedit 5B301BBD) (tstamp 6123FA0C)
    (at 153.148 94.996 180)
    (descr "Resistor SMD 0603 (1608 Metric), square (rectangular) end terminal, IPC_7351 nominal with elongated pad for handsoldering. (Body size source: http://www.tortai-tech.com/upload/download/2011102023233369053.pdf), generated with kicad-footprint-generator")
    (tags "resistor handsolder")
    (path /6125568C)
    (attr smd)
    (fp_text reference R4 (at -2.173 0) (layer F.SilkS)
      (effects (font (size 0.5 0.5) (thickness 0.125)))
    )
    (fp_text value 10k (at 0 1.43) (layer F.Fab)
      (effects (font (size 1 1) (thickness 0.15)))
    )
    (fp_line (start -0.8 0.4) (end -0.8 -0.4) (layer F.Fab) (width 0.1))
    (fp_line (start -0.8 -0.4) (end 0.8 -0.4) (layer F.Fab) (width 0.1))
    (fp_line (start 0.8 -0.4) (end 0.8 0.4) (layer F.Fab) (width 0.1))
    (fp_line (start 0.8 0.4) (end -0.8 0.4) (layer F.Fab) (width 0.1))
    (fp_line (start -0.171267 -0.51) (end 0.171267 -0.51) (layer F.SilkS) (width 0.12))
    (fp_line (start -0.171267 0.51) (end 0.171267 0.51) (layer F.SilkS) (width 0.12))
    (fp_line (start -1.65 0.73) (end -1.65 -0.73) (layer F.CrtYd) (width 0.05))
    (fp_line (start -1.65 -0.73) (end 1.65 -0.73) (layer F.CrtYd) (width 0.05))
    (fp_line (start 1.65 -0.73) (end 1.65 0.73) (layer F.CrtYd) (width 0.05))
    (fp_line (start 1.65 0.73) (end -1.65 0.73) (layer F.CrtYd) (width 0.05))
    (fp_text user %R (at 0 0) (layer F.Fab)
      (effects (font (size 0.4 0.4) (thickness 0.06)))
    )
    (pad 2 smd roundrect (at 0.875 0 180) (size 1.05 0.95) (layers F.Cu F.Paste F.Mask) (roundrect_rratio 0.25)
      (net 5 /SCL_5V))
    (pad 1 smd roundrect (at -0.875 0 180) (size 1.05 0.95) (layers F.Cu F.Paste F.Mask) (roundrect_rratio 0.25)
      (net 1 /VIN))
    (model ${KISYS3DMOD}/Resistor_SMD.3dshapes/R_0603_1608Metric.wrl
      (at (xyz 0 0 0))
      (scale (xyz 1 1 1))
      (rotate (xyz 0 0 0))
    )
  )

  (module SamacSys_Parts:Silicon_Laboratories-SI5351A-B02075-GT-0 (layer B.Cu) (tedit 61239825) (tstamp 6123FA28)
    (at 149.987 101.219)
    (path /6127D6C3)
    (fp_text reference U1 (at -0.889 0.127) (layer B.SilkS)
      (effects (font (size 0.75 0.75) (thickness 0.15)) (justify right mirror))
    )
    (fp_text value U1 (at 0 0) (layer B.SilkS) hide
      (effects (font (size 1.27 1.27) (thickness 0.15)) (justify mirror))
    )
    (fp_line (start -1.5 -1.5) (end -1.5 1.5) (layer B.Fab) (width 0.15))
    (fp_line (start -1.5 1.5) (end 1.5 1.5) (layer B.Fab) (width 0.15))
    (fp_line (start 1.5 1.5) (end 1.5 -1.5) (layer B.Fab) (width 0.15))
    (fp_line (start 1.5 -1.5) (end -1.5 -1.5) (layer B.Fab) (width 0.15))
    (fp_line (start -1 -1.5) (end -1 1.5) (layer B.SilkS) (width 0.15))
    (fp_line (start -1 1.5) (end 1 1.5) (layer B.SilkS) (width 0.15))
    (fp_line (start 1 1.5) (end 1 -1.5) (layer B.SilkS) (width 0.15))
    (fp_line (start 1 -1.5) (end -1 -1.5) (layer B.SilkS) (width 0.15))
    (fp_line (start 2.925 1.725) (end 2.925 1.725) (layer B.CrtYd) (width 0.15))
    (fp_line (start 2.925 1.725) (end -2.925 1.725) (layer B.CrtYd) (width 0.15))
    (fp_line (start -2.925 1.725) (end -2.925 -1.725) (layer B.CrtYd) (width 0.15))
    (fp_line (start -2.925 -1.725) (end 2.925 -1.725) (layer B.CrtYd) (width 0.15))
    (fp_line (start 2.925 -1.725) (end 2.925 1.725) (layer B.CrtYd) (width 0.15))
    (fp_circle (center -3.5 1) (end -3.375 1) (layer B.SilkS) (width 0.25))
    (pad 10 smd rect (at 2.2 1) (size 1.4 0.3) (layers B.Cu B.Paste B.Mask)
      (net 17 /3VCLK))
    (pad 9 smd rect (at 2.2 0.5) (size 1.4 0.3) (layers B.Cu B.Paste B.Mask)
      (net 9 "Net-(U1-Pad9)"))
    (pad 8 smd rect (at 2.2 0) (size 1.4 0.3) (layers B.Cu B.Paste B.Mask)
      (net 2 GND))
    (pad 7 smd rect (at 2.2 -0.5) (size 1.4 0.3) (layers B.Cu B.Paste B.Mask)
      (net 3 /VDD))
    (pad 6 smd rect (at 2.2 -1) (size 1.4 0.3) (layers B.Cu B.Paste B.Mask)
      (net 10 "Net-(U1-Pad6)"))
    (pad 5 smd rect (at -2.2 -1) (size 1.4 0.3) (layers B.Cu B.Paste B.Mask)
      (net 7 /SDA_3V))
    (pad 4 smd rect (at -2.2 -0.5) (size 1.4 0.3) (layers B.Cu B.Paste B.Mask)
      (net 8 /SCL_3V))
    (pad 3 smd rect (at -2.2 0) (size 1.4 0.3) (layers B.Cu B.Paste B.Mask)
      (net 11 "Net-(U1-Pad3)"))
    (pad 2 smd rect (at -2.2 0.5) (size 1.4 0.3) (layers B.Cu B.Paste B.Mask)
      (net 12 "Net-(U1-Pad2)"))
    (pad 1 smd rect (at -2.2 1) (size 1.4 0.3) (layers B.Cu B.Paste B.Mask)
      (net 3 /VDD))
    (model ${KISYS3DMOD}/Package_SO.3dshapes/MSOP-10_3x3mm_P0.5mm.step
      (at (xyz 0 0 0))
      (scale (xyz 1 1 1))
      (rotate (xyz 0 0 0))
    )
  )

  (module ABM8G48000MHZ18D2YT (layer B.Cu) (tedit 0) (tstamp 6123FA61)
    (at 149.817 97.37)
    (descr ABM8G-48.000MHZ-18-D2Y-T-2)
    (tags "Crystal or Oscillator")
    (path /612907D1)
    (attr smd)
    (fp_text reference Y1 (at 0 0) (layer B.SilkS)
      (effects (font (size 0.5 0.5) (thickness 0.125)) (justify mirror))
    )
    (fp_text value Y1 (at -0.084 0) (layer B.SilkS) hide
      (effects (font (size 1.27 1.27) (thickness 0.254)) (justify mirror))
    )
    (fp_line (start -1 -1.8) (end -1 -1.8) (layer B.SilkS) (width 0.2))
    (fp_line (start -1.2 -1.8) (end -1.2 -1.8) (layer B.SilkS) (width 0.2))
    (fp_line (start -0.2 1.25) (end 0.2 1.25) (layer B.SilkS) (width 0.1))
    (fp_line (start -0.2 -1.25) (end 0.2 -1.25) (layer B.SilkS) (width 0.1))
    (fp_line (start -2.8 -2.45) (end -2.8 2.45) (layer B.CrtYd) (width 0.1))
    (fp_line (start 2.8 -2.45) (end -2.8 -2.45) (layer B.CrtYd) (width 0.1))
    (fp_line (start 2.8 2.45) (end 2.8 -2.45) (layer B.CrtYd) (width 0.1))
    (fp_line (start -2.8 2.45) (end 2.8 2.45) (layer B.CrtYd) (width 0.1))
    (fp_line (start -1.6 -1.25) (end -1.6 1.25) (layer B.Fab) (width 0.2))
    (fp_line (start 1.6 -1.25) (end -1.6 -1.25) (layer B.Fab) (width 0.2))
    (fp_line (start 1.6 1.25) (end 1.6 -1.25) (layer B.Fab) (width 0.2))
    (fp_line (start -1.6 1.25) (end 1.6 1.25) (layer B.Fab) (width 0.2))
    (fp_text user %R (at 0 0) (layer B.Fab)
      (effects (font (size 1.27 1.27) (thickness 0.254)) (justify mirror))
    )
    (fp_arc (start -1.1 -1.8) (end -1.2 -1.8) (angle 180) (layer B.SilkS) (width 0.2))
    (fp_arc (start -1.1 -1.8) (end -1 -1.8) (angle 180) (layer B.SilkS) (width 0.2))
    (pad 1 smd rect (at -1.1 -0.85 270) (size 1.2 1.4) (layers B.Cu B.Paste B.Mask)
      (net 11 "Net-(U1-Pad3)"))
    (pad 2 smd rect (at 1.1 -0.85 270) (size 1.2 1.4) (layers B.Cu B.Paste B.Mask)
      (net 14 "Net-(Y1-Pad2)"))
    (pad 3 smd rect (at 1.1 0.85 270) (size 1.2 1.4) (layers B.Cu B.Paste B.Mask)
      (net 12 "Net-(U1-Pad2)"))
    (pad 4 smd rect (at -1.1 0.85 270) (size 1.2 1.4) (layers B.Cu B.Paste B.Mask)
      (net 15 "Net-(Y1-Pad4)"))
    (model "C:\\Users\\wiretap\\Downloads\\Kicad Library Downloads\\SamacSys_Parts.3dshapes\\ABM8G-25.000MHZ-4Y-T3.stp"
      (at (xyz 0 0 0))
      (scale (xyz 1 1 1))
      (rotate (xyz 0 0 0))
    )
  )

  (module SOT95P280X145-5N (layer F.Cu) (tedit 0) (tstamp 61242059)
    (at 158.308 97.282 90)
    (descr SN74LV1T34DBVRG4-1)
    (tags "Integrated Circuit")
    (path /612431F6)
    (attr smd)
    (fp_text reference IC2 (at 1.524 0 270) (layer F.SilkS)
      (effects (font (size 0.5 0.5) (thickness 0.125)))
    )
    (fp_text value IC2 (at 0 0 90) (layer F.SilkS) hide
      (effects (font (size 1.27 1.27) (thickness 0.254)))
    )
    (fp_line (start -2.1 -1.775) (end 2.1 -1.775) (layer F.CrtYd) (width 0.05))
    (fp_line (start 2.1 -1.775) (end 2.1 1.775) (layer F.CrtYd) (width 0.05))
    (fp_line (start 2.1 1.775) (end -2.1 1.775) (layer F.CrtYd) (width 0.05))
    (fp_line (start -2.1 1.775) (end -2.1 -1.775) (layer F.CrtYd) (width 0.05))
    (fp_line (start -0.8 -1.45) (end 0.8 -1.45) (layer F.Fab) (width 0.1))
    (fp_line (start 0.8 -1.45) (end 0.8 1.45) (layer F.Fab) (width 0.1))
    (fp_line (start 0.8 1.45) (end -0.8 1.45) (layer F.Fab) (width 0.1))
    (fp_line (start -0.8 1.45) (end -0.8 -1.45) (layer F.Fab) (width 0.1))
    (fp_line (start -0.8 -0.5) (end 0.15 -1.45) (layer F.Fab) (width 0.1))
    (fp_line (start -0.3 -1.45) (end 0.3 -1.45) (layer F.SilkS) (width 0.2))
    (fp_line (start 0.3 -1.45) (end 0.3 1.45) (layer F.SilkS) (width 0.2))
    (fp_line (start 0.3 1.45) (end -0.3 1.45) (layer F.SilkS) (width 0.2))
    (fp_line (start -0.3 1.45) (end -0.3 -1.45) (layer F.SilkS) (width 0.2))
    (fp_line (start -1.85 -1.5) (end -0.65 -1.5) (layer F.SilkS) (width 0.2))
    (fp_text user %R (at 0 0 90) (layer F.Fab)
      (effects (font (size 1.27 1.27) (thickness 0.254)))
    )
    (pad 1 smd rect (at -1.25 -0.95 180) (size 0.6 1.2) (layers F.Cu F.Paste F.Mask)
      (net 16 "Net-(IC2-Pad1)"))
    (pad 2 smd rect (at -1.25 0 180) (size 0.6 1.2) (layers F.Cu F.Paste F.Mask)
      (net 17 /3VCLK))
    (pad 3 smd rect (at -1.25 0.95 180) (size 0.6 1.2) (layers F.Cu F.Paste F.Mask)
      (net 2 GND))
    (pad 4 smd rect (at 1.25 0.95 180) (size 0.6 1.2) (layers F.Cu F.Paste F.Mask)
      (net 18 /5VCLK))
    (pad 5 smd rect (at 1.25 -0.95 180) (size 0.6 1.2) (layers F.Cu F.Paste F.Mask)
      (net 1 /VIN))
    (model "C:\\Users\\wiretap\\Downloads\\Kicad Library Downloads\\SamacSys_Parts.3dshapes\\SN74LV1T34DBVRG4.stp"
      (at (xyz 0 0 0))
      (scale (xyz 1 1 1))
      (rotate (xyz 0 0 0))
    )
  )

  (gr_text v0.1 (at 146.939 94.742) (layer B.SilkS)
    (effects (font (size 0.5 0.5) (thickness 0.125)) (justify mirror))
  )
  (gr_text "wiretap 2021" (at 159.258 97.282 270) (layer B.SilkS)
    (effects (font (size 0.5 0.5) (thickness 0.125)) (justify mirror))
  )
  (gr_text JLCJLCJLCJLC (at 144.018 97.663 90) (layer B.SilkS)
    (effects (font (size 0.5 0.5) (thickness 0.125)) (justify mirror))
  )
  (gr_text "Full Can\nVariable\nClock" (at 149.352 93.853) (layer B.SilkS)
    (effects (font (size 0.5 0.5) (thickness 0.125)) (justify mirror))
  )
  (gr_text "5V\nGND\nSCL\nSDA" (at 143.764 97.79) (layer F.SilkS)
    (effects (font (size 0.5 0.5) (thickness 0.125)) (justify right))
  )
  (gr_text 8 (at 159.512 92.837) (layer F.SilkS)
    (effects (font (size 0.5 0.5) (thickness 0.125)))
  )
  (gr_text 7 (at 159.512 102.616) (layer F.SilkS)
    (effects (font (size 0.5 0.5) (thickness 0.125)))
  )
  (gr_text 14 (at 141.859 92.837) (layer F.SilkS)
    (effects (font (size 0.5 0.5) (thickness 0.125)))
  )
  (gr_text 1 (at 141.605 102.616) (layer F.SilkS)
    (effects (font (size 0.5 0.5) (thickness 0.125)))
  )
  (gr_line (start 141.097 103.124) (end 141.097 92.837) (layer Edge.Cuts) (width 0.05) (tstamp 61240195))
  (gr_line (start 159.385 103.124) (end 141.097 103.124) (layer Edge.Cuts) (width 0.05))
  (gr_line (start 160.02 92.837) (end 160.02 102.489) (layer Edge.Cuts) (width 0.05) (tstamp 61240194))
  (gr_line (start 141.732 92.202) (end 159.385 92.202) (layer Edge.Cuts) (width 0.05) (tstamp 61240193))
  (gr_arc (start 141.732 92.837) (end 141.732 92.202) (angle -90) (layer Edge.Cuts) (width 0.05) (tstamp 6124018D))
  (gr_arc (start 159.385 92.837) (end 160.02 92.837) (angle -90) (layer Edge.Cuts) (width 0.05) (tstamp 6124018D))
  (gr_arc (start 159.385 102.489) (end 159.385 103.124) (angle -90) (layer Edge.Cuts) (width 0.05))

